EXE_ESTIMATION:	35989	18	1000
EXE_ESTIMATION:	35989	18	1000
EXE_ESTIMATION:	35989	18	1000
EXE_ESTIMATION:	35989	18	1000
RUN_MCMC_CHAIN:	20	2	1000
RUN_MCMC_CHAIN:	0	11	893
RUN_MCMC_CHAIN:	0	13	579
RUN_MCMC_CHAIN:	0	14	485
RUN_MCMC_CHAIN:	0	15	204
RUN_MCMC_CHAIN:	0	16	198
RUN_MCMC_CHAIN:	0	17	435
RUN_MCMC_CHAIN:	0	18	201
FIND_MCMC_OPTION:	35989	18
RUN_MCMC_CHAIN:	35989	18	1000
RUN_MCMC_CHAIN:	35989	18	1000
RUN_MCMC_CHAIN:	35989	18	1000
RUN_MCMC_CHAIN:	35989	18	1000
RUN_MCMC_CHAIN:	35989	18	1000
sample:	1000	35989	18
delta:	1.000000	0.200000	0.100000
init:	0.000000	0.000000	0.250000	0.250000	0.250000	0.250000
grid:	-5.400000	5.400000	51	-0.500000	0.500000	101	0.000000	1.000000	11
Acceptance:	39.504343	46.522440	8.105355	0.355204	0.015988	0.626886	0.107214
BF B1:	994	500	1000
BF info: size is smaller than sample size for calculating E1 of block 1:                  size - 994, limit - 500, sample_size - 1000BF B2:	1000	500	1000
